<?xml version="1.0" encoding="utf-8" standalone="no"?>
<!DOCTYPE svg PUBLIC "-//W3C//DTD SVG 1.1//EN"
  "http://www.w3.org/Graphics/SVG/1.1/DTD/svg11.dtd">
<svg xmlns:xlink="http://www.w3.org/1999/xlink" width="504pt" height="504pt" viewBox="0 0 504 504" xmlns="http://www.w3.org/2000/svg" version="1.1">
 <metadata>
  <rdf:RDF xmlns:dc="http://purl.org/dc/elements/1.1/" xmlns:cc="http://creativecommons.org/ns#" xmlns:rdf="http://www.w3.org/1999/02/22-rdf-syntax-ns#">
   <cc:Work>
    <dc:type rdf:resource="http://purl.org/dc/dcmitype/StillImage"/>
    <dc:date>2024-10-06T23:13:30.590194</dc:date>
    <dc:format>image/svg+xml</dc:format>
    <dc:creator>
     <cc:Agent>
      <dc:title>Matplotlib v3.9.2, https://matplotlib.org/</dc:title>
     </cc:Agent>
    </dc:creator>
   </cc:Work>
  </rdf:RDF>
 </metadata>
 <defs>
  <style type="text/css">*{stroke-linejoin: round; stroke-linecap: butt}</style>
 </defs>
 <g id="figure_1">
  <g id="patch_1">
   <path d="M 0 504 
L 504 504 
L 504 0 
L 0 0 
z
" style="fill: #ffffff"/>
  </g>
  <g id="axes_1">
   <g id="patch_2">
    <path d="M 452.34 254.52 
C 452.34 229.038901 447.320779 203.805573 437.569584 180.264107 
C 427.81839 156.722641 413.524858 135.330858 395.507 117.313 
C 377.489142 99.295142 356.097359 85.00161 332.555893 75.250416 
C 309.014427 65.499221 283.781099 60.48 258.3 60.48 
C 232.818901 60.48 207.585573 65.499221 184.044107 75.250416 
C 160.502641 85.00161 139.110858 99.295142 121.093 117.313 
C 103.075142 135.330858 88.78161 156.722641 79.030416 180.264107 
C 69.279221 203.805573 64.26 229.038901 64.26 254.52 
C 64.26 280.001099 69.279221 305.234427 79.030416 328.775893 
C 88.78161 352.317359 103.075142 373.709142 121.093 391.727 
C 139.110858 409.744858 160.502641 424.03839 184.044107 433.789584 
C 207.585573 443.540779 232.818901 448.56 258.3 448.56 
C 283.781099 448.56 309.014427 443.540779 332.555893 433.789584 
C 356.097359 424.03839 377.489142 409.744858 395.507 391.727 
C 413.524858 373.709142 427.81839 352.317359 437.569584 328.775893 
C 447.320779 305.234427 452.34 280.001099 452.34 254.52 
M 258.3 254.52 
C 258.3 254.52 258.3 254.52 258.3 254.52 
C 258.3 254.52 258.3 254.52 258.3 254.52 
C 258.3 254.52 258.3 254.52 258.3 254.52 
C 258.3 254.52 258.3 254.52 258.3 254.52 
C 258.3 254.52 258.3 254.52 258.3 254.52 
C 258.3 254.52 258.3 254.52 258.3 254.52 
C 258.3 254.52 258.3 254.52 258.3 254.52 
C 258.3 254.52 258.3 254.52 258.3 254.52 
C 258.3 254.52 258.3 254.52 258.3 254.52 
C 258.3 254.52 258.3 254.52 258.3 254.52 
C 258.3 254.52 258.3 254.52 258.3 254.52 
C 258.3 254.52 258.3 254.52 258.3 254.52 
C 258.3 254.52 258.3 254.52 258.3 254.52 
C 258.3 254.52 258.3 254.52 258.3 254.52 
C 258.3 254.52 258.3 254.52 258.3 254.52 
C 258.3 254.52 258.3 254.52 258.3 254.52 
z
" style="fill: #ffffff"/>
   </g>
   <g id="patch_3">
    <path d="M 258.3 154.5894 
L 355.392212 177.091545 
L 328.294754 270.495846 
L 295.764906 332.31668 
L 203.57598 368.155599 
L 146.686743 279.994998 
L 192.307637 201.892847 
z
" clip-path="url(#p9589cec688)" style="fill: #d3d3d3"/>
   </g>
   <g id="patch_4">
    <path d="M 258.3 151.6788 
L 362.977541 171.042447 
L 303.702003 264.882711 
L 291.134412 322.70136 
L 190.947359 394.379199 
L 129.660992 283.881014 
L 202.168565 209.756674 
z
" clip-path="url(#p9589cec688)" style="fill: #ffd500; opacity: 0.5"/>
   </g>
   <g id="matplotlib.axis_1">
    <g id="xtick_1">
     <g id="line2d_1">
      <path d="M 258.3 254.52 
L 258.3 60.48 
" clip-path="url(#p9589cec688)" style="fill: none; stroke: #b0b0b0; stroke-width: 0.8; stroke-linecap: square"/>
     </g>
     <g id="text_1">
      <!-- Fruity -->
      <g transform="translate(241.444688 49.79125) scale(0.12 -0.12)">
       <defs>
        <path id="DejaVuSans-46" d="M 628 4666 
L 3309 4666 
L 3309 4134 
L 1259 4134 
L 1259 2759 
L 3109 2759 
L 3109 2228 
L 1259 2228 
L 1259 0 
L 628 0 
L 628 4666 
z
" transform="scale(0.015625)"/>
        <path id="DejaVuSans-72" d="M 2631 2963 
Q 2534 3019 2420 3045 
Q 2306 3072 2169 3072 
Q 1681 3072 1420 2755 
Q 1159 2438 1159 1844 
L 1159 0 
L 581 0 
L 581 3500 
L 1159 3500 
L 1159 2956 
Q 1341 3275 1631 3429 
Q 1922 3584 2338 3584 
Q 2397 3584 2469 3576 
Q 2541 3569 2628 3553 
L 2631 2963 
z
" transform="scale(0.015625)"/>
        <path id="DejaVuSans-75" d="M 544 1381 
L 544 3500 
L 1119 3500 
L 1119 1403 
Q 1119 906 1312 657 
Q 1506 409 1894 409 
Q 2359 409 2629 706 
Q 2900 1003 2900 1516 
L 2900 3500 
L 3475 3500 
L 3475 0 
L 2900 0 
L 2900 538 
Q 2691 219 2414 64 
Q 2138 -91 1772 -91 
Q 1169 -91 856 284 
Q 544 659 544 1381 
z
M 1991 3584 
L 1991 3584 
z
" transform="scale(0.015625)"/>
        <path id="DejaVuSans-69" d="M 603 3500 
L 1178 3500 
L 1178 0 
L 603 0 
L 603 3500 
z
M 603 4863 
L 1178 4863 
L 1178 4134 
L 603 4134 
L 603 4863 
z
" transform="scale(0.015625)"/>
        <path id="DejaVuSans-74" d="M 1172 4494 
L 1172 3500 
L 2356 3500 
L 2356 3053 
L 1172 3053 
L 1172 1153 
Q 1172 725 1289 603 
Q 1406 481 1766 481 
L 2356 481 
L 2356 0 
L 1766 0 
Q 1100 0 847 248 
Q 594 497 594 1153 
L 594 3053 
L 172 3053 
L 172 3500 
L 594 3500 
L 594 4494 
L 1172 4494 
z
" transform="scale(0.015625)"/>
        <path id="DejaVuSans-79" d="M 2059 -325 
Q 1816 -950 1584 -1140 
Q 1353 -1331 966 -1331 
L 506 -1331 
L 506 -850 
L 844 -850 
Q 1081 -850 1212 -737 
Q 1344 -625 1503 -206 
L 1606 56 
L 191 3500 
L 800 3500 
L 1894 763 
L 2988 3500 
L 3597 3500 
L 2059 -325 
z
" transform="scale(0.015625)"/>
       </defs>
       <use xlink:href="#DejaVuSans-46"/>
       <use xlink:href="#DejaVuSans-72" x="50.269531"/>
       <use xlink:href="#DejaVuSans-75" x="91.382812"/>
       <use xlink:href="#DejaVuSans-69" x="154.761719"/>
       <use xlink:href="#DejaVuSans-74" x="182.544922"/>
       <use xlink:href="#DejaVuSans-79" x="221.753906"/>
      </g>
     </g>
    </g>
    <g id="xtick_2">
     <g id="line2d_2">
      <path d="M 258.3 254.52 
L 410.006581 133.538039 
" clip-path="url(#p9589cec688)" style="fill: none; stroke: #b0b0b0; stroke-width: 0.8; stroke-linecap: square"/>
     </g>
     <g id="text_2">
      <!-- Grassy -->
      <g transform="translate(400.357222 128.120432) scale(0.12 -0.12)">
       <defs>
        <path id="DejaVuSans-47" d="M 3809 666 
L 3809 1919 
L 2778 1919 
L 2778 2438 
L 4434 2438 
L 4434 434 
Q 4069 175 3628 42 
Q 3188 -91 2688 -91 
Q 1594 -91 976 548 
Q 359 1188 359 2328 
Q 359 3472 976 4111 
Q 1594 4750 2688 4750 
Q 3144 4750 3555 4637 
Q 3966 4525 4313 4306 
L 4313 3634 
Q 3963 3931 3569 4081 
Q 3175 4231 2741 4231 
Q 1884 4231 1454 3753 
Q 1025 3275 1025 2328 
Q 1025 1384 1454 906 
Q 1884 428 2741 428 
Q 3075 428 3337 486 
Q 3600 544 3809 666 
z
" transform="scale(0.015625)"/>
        <path id="DejaVuSans-61" d="M 2194 1759 
Q 1497 1759 1228 1600 
Q 959 1441 959 1056 
Q 959 750 1161 570 
Q 1363 391 1709 391 
Q 2188 391 2477 730 
Q 2766 1069 2766 1631 
L 2766 1759 
L 2194 1759 
z
M 3341 1997 
L 3341 0 
L 2766 0 
L 2766 531 
Q 2569 213 2275 61 
Q 1981 -91 1556 -91 
Q 1019 -91 701 211 
Q 384 513 384 1019 
Q 384 1609 779 1909 
Q 1175 2209 1959 2209 
L 2766 2209 
L 2766 2266 
Q 2766 2663 2505 2880 
Q 2244 3097 1772 3097 
Q 1472 3097 1187 3025 
Q 903 2953 641 2809 
L 641 3341 
Q 956 3463 1253 3523 
Q 1550 3584 1831 3584 
Q 2591 3584 2966 3190 
Q 3341 2797 3341 1997 
z
" transform="scale(0.015625)"/>
        <path id="DejaVuSans-73" d="M 2834 3397 
L 2834 2853 
Q 2591 2978 2328 3040 
Q 2066 3103 1784 3103 
Q 1356 3103 1142 2972 
Q 928 2841 928 2578 
Q 928 2378 1081 2264 
Q 1234 2150 1697 2047 
L 1894 2003 
Q 2506 1872 2764 1633 
Q 3022 1394 3022 966 
Q 3022 478 2636 193 
Q 2250 -91 1575 -91 
Q 1294 -91 989 -36 
Q 684 19 347 128 
L 347 722 
Q 666 556 975 473 
Q 1284 391 1588 391 
Q 1994 391 2212 530 
Q 2431 669 2431 922 
Q 2431 1156 2273 1281 
Q 2116 1406 1581 1522 
L 1381 1569 
Q 847 1681 609 1914 
Q 372 2147 372 2553 
Q 372 3047 722 3315 
Q 1072 3584 1716 3584 
Q 2034 3584 2315 3537 
Q 2597 3491 2834 3397 
z
" transform="scale(0.015625)"/>
       </defs>
       <use xlink:href="#DejaVuSans-47"/>
       <use xlink:href="#DejaVuSans-72" x="77.490234"/>
       <use xlink:href="#DejaVuSans-61" x="118.603516"/>
       <use xlink:href="#DejaVuSans-73" x="179.882812"/>
       <use xlink:href="#DejaVuSans-73" x="231.982422"/>
       <use xlink:href="#DejaVuSans-79" x="284.082031"/>
      </g>
     </g>
    </g>
    <g id="xtick_3">
     <g id="line2d_3">
      <path d="M 258.3 254.52 
L 447.475012 297.697962 
" clip-path="url(#p9589cec688)" style="fill: none; stroke: #b0b0b0; stroke-width: 0.8; stroke-linecap: square"/>
     </g>
     <g id="text_3">
      <!-- Salty -->
      <g transform="translate(446.067753 304.124505) scale(0.12 -0.12)">
       <defs>
        <path id="DejaVuSans-53" d="M 3425 4513 
L 3425 3897 
Q 3066 4069 2747 4153 
Q 2428 4238 2131 4238 
Q 1616 4238 1336 4038 
Q 1056 3838 1056 3469 
Q 1056 3159 1242 3001 
Q 1428 2844 1947 2747 
L 2328 2669 
Q 3034 2534 3370 2195 
Q 3706 1856 3706 1288 
Q 3706 609 3251 259 
Q 2797 -91 1919 -91 
Q 1588 -91 1214 -16 
Q 841 59 441 206 
L 441 856 
Q 825 641 1194 531 
Q 1563 422 1919 422 
Q 2459 422 2753 634 
Q 3047 847 3047 1241 
Q 3047 1584 2836 1778 
Q 2625 1972 2144 2069 
L 1759 2144 
Q 1053 2284 737 2584 
Q 422 2884 422 3419 
Q 422 4038 858 4394 
Q 1294 4750 2059 4750 
Q 2388 4750 2728 4690 
Q 3069 4631 3425 4513 
z
" transform="scale(0.015625)"/>
        <path id="DejaVuSans-6c" d="M 603 4863 
L 1178 4863 
L 1178 0 
L 603 0 
L 603 4863 
z
" transform="scale(0.015625)"/>
       </defs>
       <use xlink:href="#DejaVuSans-53"/>
       <use xlink:href="#DejaVuSans-61" x="63.476562"/>
       <use xlink:href="#DejaVuSans-6c" x="124.755859"/>
       <use xlink:href="#DejaVuSans-74" x="152.539062"/>
       <use xlink:href="#DejaVuSans-79" x="191.748047"/>
      </g>
     </g>
    </g>
    <g id="xtick_4">
     <g id="line2d_4">
      <path d="M 258.3 254.52 
L 342.490801 429.343999 
" clip-path="url(#p9589cec688)" style="fill: none; stroke: #b0b0b0; stroke-width: 0.8; stroke-linecap: square"/>
     </g>
     <g id="text_4">
      <!-- Sweet -->
      <g transform="translate(330.113298 445.268813) scale(0.12 -0.12)">
       <defs>
        <path id="DejaVuSans-77" d="M 269 3500 
L 844 3500 
L 1563 769 
L 2278 3500 
L 2956 3500 
L 3675 769 
L 4391 3500 
L 4966 3500 
L 4050 0 
L 3372 0 
L 2619 2869 
L 1863 0 
L 1184 0 
L 269 3500 
z
" transform="scale(0.015625)"/>
        <path id="DejaVuSans-65" d="M 3597 1894 
L 3597 1613 
L 953 1613 
Q 991 1019 1311 708 
Q 1631 397 2203 397 
Q 2534 397 2845 478 
Q 3156 559 3463 722 
L 3463 178 
Q 3153 47 2828 -22 
Q 2503 -91 2169 -91 
Q 1331 -91 842 396 
Q 353 884 353 1716 
Q 353 2575 817 3079 
Q 1281 3584 2069 3584 
Q 2775 3584 3186 3129 
Q 3597 2675 3597 1894 
z
M 3022 2063 
Q 3016 2534 2758 2815 
Q 2500 3097 2075 3097 
Q 1594 3097 1305 2825 
Q 1016 2553 972 2059 
L 3022 2063 
z
" transform="scale(0.015625)"/>
       </defs>
       <use xlink:href="#DejaVuSans-53"/>
       <use xlink:href="#DejaVuSans-77" x="63.476562"/>
       <use xlink:href="#DejaVuSans-65" x="145.263672"/>
       <use xlink:href="#DejaVuSans-65" x="206.787109"/>
       <use xlink:href="#DejaVuSans-74" x="268.310547"/>
      </g>
     </g>
    </g>
    <g id="xtick_5">
     <g id="line2d_5">
      <path d="M 258.3 254.52 
L 174.109199 429.343999 
" clip-path="url(#p9589cec688)" style="fill: none; stroke: #b0b0b0; stroke-width: 0.8; stroke-linecap: square"/>
     </g>
     <g id="text_5">
      <!-- Floral -->
      <g transform="translate(151.435452 445.268813) scale(0.12 -0.12)">
       <defs>
        <path id="DejaVuSans-6f" d="M 1959 3097 
Q 1497 3097 1228 2736 
Q 959 2375 959 1747 
Q 959 1119 1226 758 
Q 1494 397 1959 397 
Q 2419 397 2687 759 
Q 2956 1122 2956 1747 
Q 2956 2369 2687 2733 
Q 2419 3097 1959 3097 
z
M 1959 3584 
Q 2709 3584 3137 3096 
Q 3566 2609 3566 1747 
Q 3566 888 3137 398 
Q 2709 -91 1959 -91 
Q 1206 -91 779 398 
Q 353 888 353 1747 
Q 353 2609 779 3096 
Q 1206 3584 1959 3584 
z
" transform="scale(0.015625)"/>
       </defs>
       <use xlink:href="#DejaVuSans-46"/>
       <use xlink:href="#DejaVuSans-6c" x="57.519531"/>
       <use xlink:href="#DejaVuSans-6f" x="85.302734"/>
       <use xlink:href="#DejaVuSans-72" x="146.484375"/>
       <use xlink:href="#DejaVuSans-61" x="187.597656"/>
       <use xlink:href="#DejaVuSans-6c" x="248.876953"/>
      </g>
     </g>
    </g>
    <g id="xtick_6">
     <g id="line2d_6">
      <path d="M 258.3 254.52 
L 69.124988 297.697962 
" clip-path="url(#p9589cec688)" style="fill: none; stroke: #b0b0b0; stroke-width: 0.8; stroke-linecap: square"/>
     </g>
     <g id="text_6">
      <!-- Pungent -->
      <g transform="translate(30.70256 304.124505) scale(0.12 -0.12)">
       <defs>
        <path id="DejaVuSans-50" d="M 1259 4147 
L 1259 2394 
L 2053 2394 
Q 2494 2394 2734 2622 
Q 2975 2850 2975 3272 
Q 2975 3691 2734 3919 
Q 2494 4147 2053 4147 
L 1259 4147 
z
M 628 4666 
L 2053 4666 
Q 2838 4666 3239 4311 
Q 3641 3956 3641 3272 
Q 3641 2581 3239 2228 
Q 2838 1875 2053 1875 
L 1259 1875 
L 1259 0 
L 628 0 
L 628 4666 
z
" transform="scale(0.015625)"/>
        <path id="DejaVuSans-6e" d="M 3513 2113 
L 3513 0 
L 2938 0 
L 2938 2094 
Q 2938 2591 2744 2837 
Q 2550 3084 2163 3084 
Q 1697 3084 1428 2787 
Q 1159 2491 1159 1978 
L 1159 0 
L 581 0 
L 581 3500 
L 1159 3500 
L 1159 2956 
Q 1366 3272 1645 3428 
Q 1925 3584 2291 3584 
Q 2894 3584 3203 3211 
Q 3513 2838 3513 2113 
z
" transform="scale(0.015625)"/>
        <path id="DejaVuSans-67" d="M 2906 1791 
Q 2906 2416 2648 2759 
Q 2391 3103 1925 3103 
Q 1463 3103 1205 2759 
Q 947 2416 947 1791 
Q 947 1169 1205 825 
Q 1463 481 1925 481 
Q 2391 481 2648 825 
Q 2906 1169 2906 1791 
z
M 3481 434 
Q 3481 -459 3084 -895 
Q 2688 -1331 1869 -1331 
Q 1566 -1331 1297 -1286 
Q 1028 -1241 775 -1147 
L 775 -588 
Q 1028 -725 1275 -790 
Q 1522 -856 1778 -856 
Q 2344 -856 2625 -561 
Q 2906 -266 2906 331 
L 2906 616 
Q 2728 306 2450 153 
Q 2172 0 1784 0 
Q 1141 0 747 490 
Q 353 981 353 1791 
Q 353 2603 747 3093 
Q 1141 3584 1784 3584 
Q 2172 3584 2450 3431 
Q 2728 3278 2906 2969 
L 2906 3500 
L 3481 3500 
L 3481 434 
z
" transform="scale(0.015625)"/>
       </defs>
       <use xlink:href="#DejaVuSans-50"/>
       <use xlink:href="#DejaVuSans-75" x="58.552734"/>
       <use xlink:href="#DejaVuSans-6e" x="121.931641"/>
       <use xlink:href="#DejaVuSans-67" x="185.310547"/>
       <use xlink:href="#DejaVuSans-65" x="248.787109"/>
       <use xlink:href="#DejaVuSans-6e" x="310.310547"/>
       <use xlink:href="#DejaVuSans-74" x="373.689453"/>
      </g>
     </g>
    </g>
    <g id="xtick_7">
     <g id="line2d_7">
      <path d="M 258.3 254.52 
L 106.593419 133.538039 
" clip-path="url(#p9589cec688)" style="fill: none; stroke: #b0b0b0; stroke-width: 0.8; stroke-linecap: square"/>
     </g>
     <g id="text_7">
      <!-- Citrusy -->
      <g transform="translate(74.493091 128.120432) scale(0.12 -0.12)">
       <defs>
        <path id="DejaVuSans-43" d="M 4122 4306 
L 4122 3641 
Q 3803 3938 3442 4084 
Q 3081 4231 2675 4231 
Q 1875 4231 1450 3742 
Q 1025 3253 1025 2328 
Q 1025 1406 1450 917 
Q 1875 428 2675 428 
Q 3081 428 3442 575 
Q 3803 722 4122 1019 
L 4122 359 
Q 3791 134 3420 21 
Q 3050 -91 2638 -91 
Q 1578 -91 968 557 
Q 359 1206 359 2328 
Q 359 3453 968 4101 
Q 1578 4750 2638 4750 
Q 3056 4750 3426 4639 
Q 3797 4528 4122 4306 
z
" transform="scale(0.015625)"/>
       </defs>
       <use xlink:href="#DejaVuSans-43"/>
       <use xlink:href="#DejaVuSans-69" x="69.824219"/>
       <use xlink:href="#DejaVuSans-74" x="97.607422"/>
       <use xlink:href="#DejaVuSans-72" x="136.816406"/>
       <use xlink:href="#DejaVuSans-75" x="177.929688"/>
       <use xlink:href="#DejaVuSans-73" x="241.308594"/>
       <use xlink:href="#DejaVuSans-79" x="293.408203"/>
      </g>
     </g>
    </g>
   </g>
   <g id="matplotlib.axis_2">
    <g id="ytick_1">
     <g id="line2d_8">
      <path d="M 258.3 215.712 
C 263.39622 215.712 268.442885 216.715844 273.151179 218.666083 
C 277.859472 220.616322 282.137828 223.475028 285.7414 227.0786 
C 289.344972 230.682172 292.203678 234.960528 294.153917 239.668821 
C 296.104156 244.377115 297.108 249.42378 297.108 254.52 
C 297.108 259.61622 296.104156 264.662885 294.153917 269.371179 
C 292.203678 274.079472 289.344972 278.357828 285.7414 281.9614 
C 282.137828 285.564972 277.859472 288.423678 273.151179 290.373917 
C 268.442885 292.324156 263.39622 293.328 258.3 293.328 
C 253.20378 293.328 248.157115 292.324156 243.448821 290.373917 
C 238.740528 288.423678 234.462172 285.564972 230.8586 281.9614 
C 227.255028 278.357828 224.396322 274.079472 222.446083 269.371179 
C 220.495844 264.662885 219.492 259.61622 219.492 254.52 
C 219.492 249.42378 220.495844 244.377115 222.446083 239.668821 
C 224.396322 234.960528 227.255028 230.682172 230.8586 227.0786 
C 234.462172 223.475028 238.740528 220.616322 243.448821 218.666083 
C 248.157115 216.715844 253.20378 215.712 258.3 215.712 
" clip-path="url(#p9589cec688)" style="fill: none; stroke: #b0b0b0; stroke-width: 0.8; stroke-linecap: square"/>
     </g>
    </g>
    <g id="ytick_2">
     <g id="line2d_9">
      <path d="M 258.3 176.904 
C 268.49244 176.904 278.585771 178.911688 288.002357 182.812166 
C 297.418944 186.712644 305.975657 192.430057 313.1828 199.6372 
C 320.389943 206.844343 326.107356 215.401056 330.007834 224.817643 
C 333.908312 234.234229 335.916 244.32756 335.916 254.52 
C 335.916 264.71244 333.908312 274.805771 330.007834 284.222357 
C 326.107356 293.638944 320.389943 302.195657 313.1828 309.4028 
C 305.975657 316.609943 297.418944 322.327356 288.002357 326.227834 
C 278.585771 330.128312 268.49244 332.136 258.3 332.136 
C 248.10756 332.136 238.014229 330.128312 228.597643 326.227834 
C 219.181056 322.327356 210.624343 316.609943 203.4172 309.4028 
C 196.210057 302.195657 190.492644 293.638944 186.592166 284.222357 
C 182.691688 274.805771 180.684 264.71244 180.684 254.52 
C 180.684 244.32756 182.691688 234.234229 186.592166 224.817643 
C 190.492644 215.401056 196.210057 206.844343 203.4172 199.6372 
C 210.624343 192.430057 219.181056 186.712644 228.597643 182.812166 
C 238.014229 178.911688 248.10756 176.904 258.3 176.904 
" clip-path="url(#p9589cec688)" style="fill: none; stroke: #b0b0b0; stroke-width: 0.8; stroke-linecap: square"/>
     </g>
    </g>
    <g id="ytick_3">
     <g id="line2d_10">
      <path d="M 258.3 138.096 
C 273.58866 138.096 288.728656 141.107533 302.853536 146.958249 
C 316.978416 152.808966 329.813485 161.385085 340.6242 172.1958 
C 351.434915 183.006515 360.011034 195.841584 365.861751 209.966464 
C 371.712467 224.091344 374.724 239.23134 374.724 254.52 
C 374.724 269.80866 371.712467 284.948656 365.861751 299.073536 
C 360.011034 313.198416 351.434915 326.033485 340.6242 336.8442 
C 329.813485 347.654915 316.978416 356.231034 302.853536 362.081751 
C 288.728656 367.932467 273.58866 370.944 258.3 370.944 
C 243.01134 370.944 227.871344 367.932467 213.746464 362.081751 
C 199.621584 356.231034 186.786515 347.654915 175.9758 336.8442 
C 165.165085 326.033485 156.588966 313.198416 150.738249 299.073536 
C 144.887533 284.948656 141.876 269.80866 141.876 254.52 
C 141.876 239.23134 144.887533 224.091344 150.738249 209.966464 
C 156.588966 195.841584 165.165085 183.006515 175.9758 172.1958 
C 186.786515 161.385085 199.621584 152.808966 213.746464 146.958249 
C 227.871344 141.107533 243.01134 138.096 258.3 138.096 
" clip-path="url(#p9589cec688)" style="fill: none; stroke: #b0b0b0; stroke-width: 0.8; stroke-linecap: square"/>
     </g>
    </g>
    <g id="ytick_4">
     <g id="line2d_11">
      <path d="M 258.3 99.288 
C 278.684879 99.288 298.871542 103.303377 317.704715 111.104332 
C 336.537887 118.905288 353.651313 130.340114 368.0656 144.7544 
C 382.479886 159.168687 393.914712 176.282113 401.715668 195.115285 
C 409.516623 213.948458 413.532 234.135121 413.532 254.52 
C 413.532 274.904879 409.516623 295.091542 401.715668 313.924715 
C 393.914712 332.757887 382.479886 349.871313 368.0656 364.2856 
C 353.651313 378.699886 336.537887 390.134712 317.704715 397.935668 
C 298.871542 405.736623 278.684879 409.752 258.3 409.752 
C 237.915121 409.752 217.728458 405.736623 198.895285 397.935668 
C 180.062113 390.134712 162.948687 378.699886 148.5344 364.2856 
C 134.120114 349.871313 122.685288 332.757887 114.884332 313.924715 
C 107.083377 295.091542 103.068 274.904879 103.068 254.52 
C 103.068 234.135121 107.083377 213.948458 114.884332 195.115285 
C 122.685288 176.282113 134.120114 159.168687 148.5344 144.7544 
C 162.948687 130.340114 180.062113 118.905288 198.895285 111.104332 
C 217.728458 103.303377 237.915121 99.288 258.3 99.288 
" clip-path="url(#p9589cec688)" style="fill: none; stroke: #b0b0b0; stroke-width: 0.8; stroke-linecap: square"/>
     </g>
    </g>
    <g id="ytick_5">
     <g id="line2d_12">
      <path d="M 258.3 60.48 
C 283.781099 60.48 309.014427 65.499221 332.555893 75.250416 
C 356.097359 85.00161 377.489142 99.295142 395.507 117.313 
C 413.524858 135.330858 427.81839 156.722641 437.569584 180.264107 
C 447.320779 203.805573 452.34 229.038901 452.34 254.52 
C 452.34 280.001099 447.320779 305.234427 437.569584 328.775893 
C 427.81839 352.317359 413.524858 373.709142 395.507 391.727 
C 377.489142 409.744858 356.097359 424.03839 332.555893 433.789584 
C 309.014427 443.540779 283.781099 448.56 258.3 448.56 
C 232.818901 448.56 207.585573 443.540779 184.044107 433.789584 
C 160.502641 424.03839 139.110858 409.744858 121.093 391.727 
C 103.075142 373.709142 88.78161 352.317359 79.030416 328.775893 
C 69.279221 305.234427 64.26 280.001099 64.26 254.52 
C 64.26 229.038901 69.279221 203.805573 79.030416 180.264107 
C 88.78161 156.722641 103.075142 135.330858 121.093 117.313 
C 139.110858 99.295142 160.502641 85.00161 184.044107 75.250416 
C 207.585573 65.499221 232.818901 60.48 258.3 60.48 
" clip-path="url(#p9589cec688)" style="fill: none; stroke: #b0b0b0; stroke-width: 0.8; stroke-linecap: square"/>
     </g>
    </g>
   </g>
   <g id="line2d_13">
    <path d="M 258.3 154.5894 
L 355.392212 177.091545 
L 328.294754 270.495846 
L 295.764906 332.31668 
L 203.57598 368.155599 
L 146.686743 279.994998 
L 192.307637 201.892847 
L 258.3 154.5894 
" clip-path="url(#p9589cec688)" style="fill: none"/>
   </g>
   <g id="line2d_14">
    <path d="M 258.3 151.6788 
L 362.977541 171.042447 
L 303.702003 264.882711 
L 291.134412 322.70136 
L 190.947359 394.379199 
L 129.660992 283.881014 
L 202.168565 209.756674 
L 258.3 151.6788 
" clip-path="url(#p9589cec688)" style="fill: none; stroke: #ffd500; stroke-linecap: square"/>
   </g>
   <g id="patch_5">
    <path d="M 258.3 60.48 
C 232.818901 60.48 207.585573 65.499221 184.044107 75.250416 
C 160.502641 85.00161 139.110858 99.295142 121.093 117.313 
C 103.075142 135.330858 88.78161 156.722641 79.030416 180.264107 
C 69.279221 203.805573 64.26 229.038901 64.26 254.52 
C 64.26 280.001099 69.279221 305.234427 79.030416 328.775893 
C 88.78161 352.317359 103.075142 373.709142 121.093 391.727 
C 139.110858 409.744858 160.502641 424.03839 184.044107 433.789584 
C 207.585573 443.540779 232.818901 448.56 258.3 448.56 
C 283.781099 448.56 309.014427 443.540779 332.555893 433.789584 
C 356.097359 424.03839 377.489142 409.744858 395.507 391.727 
C 413.524858 373.709142 427.81839 352.317359 437.569584 328.775893 
C 447.320779 305.234427 452.34 280.001099 452.34 254.52 
C 452.34 229.038901 447.320779 203.805573 437.569584 180.264107 
C 427.81839 156.722641 413.524858 135.330858 395.507 117.313 
C 377.489142 99.295142 356.097359 85.00161 332.555893 75.250416 
C 309.014427 65.499221 283.781099 60.48 258.3 60.48 
" style="fill: none; stroke: #000000; stroke-width: 0.8; stroke-linejoin: miter; stroke-linecap: square"/>
   </g>
  </g>
 </g>
 <defs>
  <clipPath id="p9589cec688">
   <path d="M 452.34 254.52 
C 452.34 229.038901 447.320779 203.805573 437.569584 180.264107 
C 427.81839 156.722641 413.524858 135.330858 395.507 117.313 
C 377.489142 99.295142 356.097359 85.00161 332.555893 75.250416 
C 309.014427 65.499221 283.781099 60.48 258.3 60.48 
C 232.818901 60.48 207.585573 65.499221 184.044107 75.250416 
C 160.502641 85.00161 139.110858 99.295142 121.093 117.313 
C 103.075142 135.330858 88.78161 156.722641 79.030416 180.264107 
C 69.279221 203.805573 64.26 229.038901 64.26 254.52 
C 64.26 280.001099 69.279221 305.234427 79.030416 328.775893 
C 88.78161 352.317359 103.075142 373.709142 121.093 391.727 
C 139.110858 409.744858 160.502641 424.03839 184.044107 433.789584 
C 207.585573 443.540779 232.818901 448.56 258.3 448.56 
C 283.781099 448.56 309.014427 443.540779 332.555893 433.789584 
C 356.097359 424.03839 377.489142 409.744858 395.507 391.727 
C 413.524858 373.709142 427.81839 352.317359 437.569584 328.775893 
C 447.320779 305.234427 452.34 280.001099 452.34 254.52 
M 258.3 254.52 
C 258.3 254.52 258.3 254.52 258.3 254.52 
C 258.3 254.52 258.3 254.52 258.3 254.52 
C 258.3 254.52 258.3 254.52 258.3 254.52 
C 258.3 254.52 258.3 254.52 258.3 254.52 
C 258.3 254.52 258.3 254.52 258.3 254.52 
C 258.3 254.52 258.3 254.52 258.3 254.52 
C 258.3 254.52 258.3 254.52 258.3 254.52 
C 258.3 254.52 258.3 254.52 258.3 254.52 
C 258.3 254.52 258.3 254.52 258.3 254.52 
C 258.3 254.52 258.3 254.52 258.3 254.52 
C 258.3 254.52 258.3 254.52 258.3 254.52 
C 258.3 254.52 258.3 254.52 258.3 254.52 
C 258.3 254.52 258.3 254.52 258.3 254.52 
C 258.3 254.52 258.3 254.52 258.3 254.52 
C 258.3 254.52 258.3 254.52 258.3 254.52 
C 258.3 254.52 258.3 254.52 258.3 254.52 
z
"/>
  </clipPath>
 </defs>
</svg>
